[0.02 0.01 0.01 0.01 0.01 0.   0.15 0.   0.01 0.2  0.01 0.01 0.01 0.01
 0.01 0.01 0.01 0.01 0.   0.01 0.   0.01 0.   0.   0.   0.   0.   0.01
 0.01 0.   0.01 0.   0.   0.01 1.   0.57 0.76 0.87 0.86 0.15 1.   0.95
 1.   0.1  0.95 0.15 0.   0.   0.   0.   0.   0.   0.   0.   0.   0.
 0.   0.   0.03 0.02 0.02 0.03 0.02 0.03 0.04 0.02 0.03 0.03 0.03 0.03
 0.   0.   0.   0.   0.   0.   0.   0.   0.   0.   0.   0.  ]
[0.02 0.01 0.   0.01 0.01 0.   0.15 0.   0.01 0.2  0.01 0.02 0.01 0.
 0.   0.01 0.01 0.02 0.01 0.01 0.01 0.01 0.1  0.08 0.12 0.09 0.08 0.05
 0.1  0.01 0.07 0.08 0.13 0.03 1.46 0.   0.16 0.26 1.04 1.41 0.01 1.14
 1.97 0.69 0.44 0.38 1.   0.57 0.76 0.87 0.86 0.15 1.   0.95 1.   0.1
 0.95 0.15 0.01 0.02 0.03 0.02 0.01 0.02 0.03 0.03 0.04 0.02 0.05 0.04
 0.03 0.02 0.02 0.03 0.02 0.03 0.04 0.02 0.03 0.03 0.03 0.03]
[0.02 0.01 0.   0.02 0.02 0.   0.15 0.   0.01 0.19 0.   0.01 0.   0.01
 0.   0.   0.02 0.03 0.01 0.01 0.03 0.01 0.   0.04 0.04 0.03 0.01 0.01
 0.04 0.05 0.   0.03 0.11 0.03 0.79 0.12 0.52 1.2  1.78 1.44 1.16 0.69
 0.23 1.33 1.95 0.28 1.46 0.   0.16 0.26 1.04 1.41 0.01 1.14 1.97 0.69
 0.44 0.38 0.04 0.01 0.04 0.02 0.02 0.1  0.   0.01 0.06 0.01 0.1  0.1
 0.01 0.02 0.03 0.02 0.01 0.02 0.03 0.03 0.04 0.02 0.05 0.04]
[0.02 0.01 0.   0.02 0.02 0.   0.14 0.   0.02 0.19 0.01 0.   0.   0.01
 0.   0.   0.02 0.03 0.01 0.01 0.04 0.02 0.05 0.   0.02 0.05 0.01 0.01
 0.01 0.1  0.04 0.03 0.08 0.08 0.9  0.56 0.08 1.44 1.12 0.39 1.49 0.8
 0.84 0.26 0.95 1.22 0.79 0.12 0.52 1.2  1.78 1.44 1.16 0.69 0.23 1.33
 1.95 0.28 0.06 0.   0.05 0.06 0.06 0.13 0.03 0.07 0.09 0.03 0.15 0.11
 0.04 0.01 0.04 0.02 0.02 0.1  0.   0.01 0.06 0.01 0.1  0.1 ]
[0.02 0.   0.   0.03 0.02 0.   0.13 0.   0.02 0.17 0.01 0.   0.   0.
 0.01 0.01 0.01 0.05 0.01 0.01 0.04 0.03 0.07 0.01 0.   0.1  0.01 0.03
 0.02 0.1  0.03 0.13 0.04 0.08 1.2  0.14 0.8  0.64 1.44 0.13 0.29 0.95
 0.73 0.65 0.9  0.53 0.9  0.56 0.08 1.44 1.12 0.39 1.49 0.8  0.84 0.26
 0.95 1.22 0.1  0.   0.02 0.08 0.1  0.17 0.02 0.09 0.08 0.   0.17 0.15
 0.06 0.   0.05 0.06 0.06 0.13 0.03 0.07 0.09 0.03 0.15 0.11]
[0.03 0.   0.01 0.03 0.02 0.   0.11 0.   0.02 0.16 0.02 0.   0.   0.02
 0.   0.02 0.   0.05 0.01 0.03 0.04 0.02 0.05 0.01 0.   0.13 0.   0.05
 0.05 0.06 0.01 0.17 0.09 0.11 0.14 0.4  1.03 0.27 2.   0.46 1.12 2.
 1.08 2.   0.34 2.   1.2  0.14 0.8  0.64 1.44 0.13 0.29 0.95 0.73 0.65
 0.9  0.53 0.1  0.01 0.01 0.09 0.16 0.24 0.03 0.16 0.08 0.07 0.21 0.13
 0.1  0.   0.02 0.08 0.1  0.17 0.02 0.09 0.08 0.   0.17 0.15]
[0.03 0.   0.01 0.03 0.02 0.   0.1  0.   0.02 0.14 0.02 0.01 0.01 0.02
 0.01 0.03 0.   0.05 0.   0.04 0.02 0.   0.02 0.03 0.05 0.   0.06 0.09
 0.03 0.04 0.05 0.13 0.17 0.19 0.69 1.74 0.54 0.47 0.1  1.38 0.   0.
 1.97 1.95 1.04 0.49 0.14 0.4  1.03 0.27 2.   0.46 1.12 2.   1.08 2.
 0.34 2.   0.13 0.04 0.03 0.07 0.16 0.2  0.03 0.16 0.05 0.15 0.17 0.1
 0.1  0.01 0.01 0.09 0.16 0.24 0.03 0.16 0.08 0.07 0.21 0.13]
[0.03 0.   0.   0.04 0.02 0.   0.08 0.   0.02 0.13 0.02 0.02 0.02 0.
 0.01 0.03 0.   0.06 0.01 0.05 0.01 0.04 0.02 0.07 0.07 0.13 0.01 0.04
 0.02 0.01 0.07 0.11 0.21 0.22 2.   2.   0.79 2.   0.89 0.03 1.12 1.17
 0.79 2.   1.16 1.33 0.69 1.74 0.54 0.47 0.1  1.38 0.   0.   1.97 1.95
 1.04 0.49 0.07 0.1  0.05 0.01 0.13 0.17 0.02 0.19 0.06 0.21 0.15 0.05
 0.13 0.04 0.03 0.07 0.16 0.2  0.03 0.16 0.05 0.15 0.17 0.1 ]
[0.03 0.   0.   0.05 0.02 0.   0.07 0.01 0.03 0.11 0.01 0.04 0.03 0.03
 0.01 0.01 0.01 0.06 0.01 0.07 0.03 0.07 0.02 0.12 0.04 0.17 0.   0.11
 0.04 0.02 0.06 0.09 0.12 0.22 0.   0.91 0.42 2.   2.   0.   0.6  0.
 1.54 1.69 0.65 0.56 2.   2.   0.79 2.   0.89 0.03 1.12 1.17 0.79 2.
 1.16 1.33 0.07 0.13 0.06 0.05 0.07 0.11 0.02 0.16 0.02 0.27 0.14 0.02
 0.07 0.1  0.05 0.01 0.13 0.17 0.02 0.19 0.06 0.21 0.15 0.05]
[0.03 0.01 0.01 0.07 0.01 0.   0.06 0.02 0.03 0.1  0.   0.06 0.03 0.05
 0.   0.02 0.02 0.06 0.02 0.08 0.04 0.08 0.09 0.15 0.   0.15 0.1  0.27
 0.05 0.03 0.06 0.08 0.06 0.13 0.36 1.86 0.26 1.26 0.   0.62 1.22 0.
 1.7  2.   1.26 0.07 0.   0.91 0.42 2.   2.   0.   0.6  0.   1.54 1.69
 0.65 0.56 0.05 0.18 0.05 0.08 0.08 0.1  0.04 0.16 0.01 0.33 0.1  0.02
 0.07 0.13 0.06 0.05 0.07 0.11 0.02 0.16 0.02 0.27 0.14 0.02]
[0.03 0.01 0.02 0.08 0.01 0.   0.05 0.03 0.03 0.09 0.02 0.07 0.03 0.06
 0.01 0.04 0.04 0.06 0.01 0.09 0.05 0.08 0.11 0.11 0.02 0.1  0.08 0.2
 0.05 0.01 0.03 0.08 0.06 0.03 0.   0.42 0.61 0.98 0.   1.   0.6  0.7
 0.64 0.57 1.57 1.27 0.36 1.86 0.26 1.26 0.   0.62 1.22 0.   1.7  2.
 1.26 0.07 0.05 0.17 0.04 0.11 0.1  0.09 0.03 0.14 0.04 0.34 0.04 0.05
 0.05 0.18 0.05 0.08 0.08 0.1  0.04 0.16 0.01 0.33 0.1  0.02]
[0.03 0.01 0.02 0.08 0.03 0.   0.04 0.03 0.03 0.08 0.03 0.08 0.03 0.06
 0.02 0.06 0.04 0.06 0.01 0.11 0.06 0.08 0.1  0.07 0.03 0.05 0.08 0.15
 0.04 0.01 0.02 0.09 0.04 0.02 1.59 0.65 1.03 1.69 0.02 0.71 1.2  1.95
 0.41 2.   0.3  1.16 0.   0.42 0.61 0.98 0.   1.   0.6  0.7  0.64 0.57
 1.57 1.27 0.01 0.19 0.07 0.16 0.11 0.08 0.03 0.16 0.01 0.35 0.01 0.04
 0.05 0.17 0.04 0.11 0.1  0.09 0.03 0.14 0.04 0.34 0.04 0.05]
[0.03 0.02 0.03 0.08 0.04 0.   0.03 0.04 0.03 0.07 0.05 0.07 0.04 0.06
 0.04 0.08 0.04 0.06 0.01 0.12 0.07 0.1  0.11 0.01 0.01 0.   0.11 0.1
 0.   0.01 0.01 0.1  0.04 0.02 0.   0.92 0.03 1.46 0.35 1.25 0.37 2.
 0.41 0.35 0.55 1.03 1.59 0.65 1.03 1.69 0.02 0.71 1.2  1.95 0.41 2.
 0.3  1.16 0.01 0.16 0.07 0.21 0.08 0.08 0.01 0.16 0.01 0.33 0.02 0.04
 0.01 0.19 0.07 0.16 0.11 0.08 0.03 0.16 0.01 0.35 0.01 0.04]
[0.03 0.02 0.03 0.07 0.04 0.   0.02 0.04 0.02 0.05 0.06 0.07 0.04 0.07
 0.06 0.09 0.04 0.06 0.03 0.12 0.09 0.1  0.11 0.06 0.   0.04 0.11 0.07
 0.03 0.02 0.06 0.06 0.07 0.02 0.99 0.7  0.75 0.8  1.92 0.36 0.7  0.36
 0.1  1.28 0.11 0.23 0.   0.92 0.03 1.46 0.35 1.25 0.37 2.   0.41 0.35
 0.55 1.03 0.02 0.18 0.04 0.23 0.02 0.03 0.01 0.14 0.01 0.33 0.02 0.05
 0.01 0.16 0.07 0.21 0.08 0.08 0.01 0.16 0.01 0.33 0.02 0.04]
[0.02 0.03 0.03 0.02 0.04 0.   0.02 0.03 0.   0.05 0.06 0.06 0.03 0.06
 0.07 0.09 0.03 0.05 0.03 0.13 0.09 0.08 0.06 0.05 0.   0.08 0.06 0.01
 0.05 0.09 0.06 0.02 0.02 0.09 0.75 0.25 0.23 0.92 0.51 0.98 0.85 0.42
 0.33 1.69 0.78 1.5  0.99 0.7  0.75 0.8  1.92 0.36 0.7  0.36 0.1  1.28
 0.11 0.23 0.05 0.18 0.04 0.2  0.01 0.03 0.01 0.13 0.   0.35 0.07 0.05
 0.02 0.18 0.04 0.23 0.02 0.03 0.01 0.14 0.01 0.33 0.02 0.05]
[0.02 0.03 0.03 0.   0.05 0.   0.02 0.02 0.01 0.06 0.06 0.05 0.03 0.04
 0.06 0.09 0.02 0.03 0.02 0.12 0.07 0.06 0.05 0.07 0.   0.1  0.01 0.06
 0.07 0.11 0.01 0.05 0.05 0.14 0.72 0.32 0.32 0.   0.28 0.44 0.   0.6
 0.62 0.23 0.12 0.09 0.75 0.25 0.23 0.92 0.51 0.98 0.85 0.42 0.33 1.69
 0.78 1.5  0.02 0.17 0.03 0.2  0.02 0.02 0.03 0.09 0.02 0.37 0.06 0.04
 0.05 0.18 0.04 0.2  0.01 0.03 0.01 0.13 0.   0.35 0.07 0.05]
[0.02 0.04 0.02 0.01 0.03 0.   0.03 0.02 0.01 0.09 0.03 0.04 0.03 0.03
 0.03 0.07 0.01 0.02 0.02 0.09 0.05 0.04 0.18 0.11 0.   0.11 0.12 0.1
 0.07 0.12 0.06 0.21 0.12 0.16 0.29 0.87 0.24 1.2  0.44 0.37 1.01 1.61
 0.43 1.3  0.61 0.75 0.72 0.32 0.32 0.   0.28 0.44 0.   0.6  0.62 0.23
 0.12 0.09 0.02 0.19 0.03 0.17 0.01 0.04 0.03 0.1  0.03 0.34 0.04 0.04
 0.02 0.17 0.03 0.2  0.02 0.02 0.03 0.09 0.02 0.37 0.06 0.04]
[0.02 0.03 0.02 0.02 0.03 0.   0.04 0.01 0.01 0.11 0.02 0.02 0.04 0.02
 0.04 0.06 0.   0.01 0.02 0.06 0.05 0.03 0.16 0.09 0.   0.09 0.04 0.09
 0.1  0.21 0.05 0.27 0.11 0.13 0.9  0.29 1.23 1.22 0.36 0.29 1.62 0.43
 1.47 0.31 0.   1.2  0.29 0.87 0.24 1.2  0.44 0.37 1.01 1.61 0.43 1.3
 0.61 0.75 0.01 0.19 0.07 0.13 0.01 0.04 0.02 0.04 0.01 0.29 0.02 0.05
 0.02 0.19 0.03 0.17 0.01 0.04 0.03 0.1  0.03 0.34 0.04 0.04]
[0.02 0.03 0.01 0.02 0.   0.   0.05 0.   0.01 0.15 0.01 0.01 0.04 0.02
 0.04 0.06 0.01 0.04 0.01 0.04 0.05 0.02 0.07 0.07 0.04 0.07 0.   0.08
 0.07 0.19 0.04 0.18 0.1  0.09 0.54 0.67 1.54 2.   1.03 0.85 0.36 1.51
 0.89 0.35 1.03 1.08 0.9  0.29 1.23 1.22 0.36 0.29 1.62 0.43 1.47 0.31
 0.   1.2  0.03 0.17 0.12 0.07 0.05 0.06 0.02 0.03 0.03 0.26 0.   0.01
 0.01 0.19 0.07 0.13 0.01 0.04 0.02 0.04 0.01 0.29 0.02 0.05]
[0.01 0.03 0.   0.03 0.02 0.   0.05 0.01 0.02 0.16 0.   0.   0.05 0.01
 0.04 0.05 0.02 0.06 0.01 0.02 0.03 0.01 0.06 0.07 0.01 0.06 0.06 0.08
 0.06 0.18 0.05 0.14 0.12 0.08 0.29 0.62 0.   1.13 1.21 0.32 1.75 0.
 0.67 0.1  0.93 0.17 0.54 0.67 1.54 2.   1.03 0.85 0.36 1.51 0.89 0.35
 1.03 1.08 0.04 0.18 0.12 0.04 0.09 0.09 0.04 0.02 0.01 0.27 0.03 0.02
 0.03 0.17 0.12 0.07 0.05 0.06 0.02 0.03 0.03 0.26 0.   0.01]
[0.02 0.02 0.01 0.03 0.05 0.   0.05 0.02 0.01 0.15 0.   0.02 0.05 0.01
 0.03 0.04 0.03 0.07 0.01 0.   0.01 0.   0.07 0.1  0.01 0.1  0.13 0.08
 0.05 0.12 0.02 0.14 0.15 0.09 2.   0.34 1.5  0.27 1.68 1.63 1.86 0.57
 0.64 0.17 1.12 1.67 0.29 0.62 0.   1.13 1.21 0.32 1.75 0.   0.67 0.1
 0.93 0.17 0.1  0.19 0.16 0.03 0.12 0.17 0.08 0.09 0.01 0.29 0.04 0.08
 0.04 0.18 0.12 0.04 0.09 0.09 0.04 0.02 0.01 0.27 0.03 0.02]
[0.02 0.02 0.01 0.04 0.07 0.   0.04 0.04 0.01 0.12 0.01 0.03 0.04 0.03
 0.01 0.03 0.03 0.08 0.01 0.01 0.01 0.   0.1  0.11 0.04 0.14 0.17 0.1
 0.04 0.07 0.03 0.08 0.14 0.05 0.   1.57 0.47 0.3  0.88 0.83 0.08 0.
 0.83 0.9  0.48 1.54 2.   0.34 1.5  0.27 1.68 1.63 1.86 0.57 0.64 0.17
 1.12 1.67 0.1  0.15 0.15 0.02 0.16 0.18 0.08 0.09 0.05 0.3  0.03 0.11
 0.1  0.19 0.16 0.03 0.12 0.17 0.08 0.09 0.01 0.29 0.04 0.08]
[0.02 0.02 0.01 0.04 0.07 0.   0.02 0.04 0.01 0.06 0.03 0.04 0.03 0.05
 0.02 0.02 0.02 0.09 0.02 0.01 0.03 0.   0.14 0.08 0.08 0.16 0.18 0.13
 0.04 0.03 0.06 0.   0.13 0.   1.18 0.   0.53 0.   0.96 0.14 0.27 2.
 1.53 1.7  0.71 0.1  0.   1.57 0.47 0.3  0.88 0.83 0.08 0.   0.83 0.9
 0.48 1.54 0.13 0.15 0.16 0.02 0.18 0.21 0.04 0.11 0.12 0.32 0.01 0.09
 0.1  0.15 0.15 0.02 0.16 0.18 0.08 0.09 0.05 0.3  0.03 0.11]
[0.02 0.02 0.02 0.03 0.06 0.   0.   0.03 0.01 0.   0.05 0.05 0.02 0.06
 0.04 0.   0.02 0.11 0.03 0.02 0.05 0.   0.16 0.06 0.13 0.11 0.15 0.12
 0.08 0.04 0.02 0.02 0.11 0.01 1.65 2.   1.92 0.2  0.69 1.36 0.48 0.15
 0.23 0.67 0.23 0.42 1.18 0.   0.53 0.   0.96 0.14 0.27 2.   1.53 1.7
 0.71 0.1  0.18 0.09 0.11 0.01 0.22 0.21 0.05 0.12 0.11 0.33 0.01 0.09
 0.13 0.15 0.16 0.02 0.18 0.21 0.04 0.11 0.12 0.32 0.01 0.09]
[0.03 0.02 0.02 0.01 0.05 0.   0.02 0.02 0.   0.06 0.07 0.06 0.   0.06
 0.06 0.01 0.01 0.11 0.02 0.01 0.06 0.   0.15 0.06 0.14 0.04 0.14 0.12
 0.02 0.05 0.01 0.11 0.07 0.01 1.53 2.   0.78 0.98 0.84 0.25 0.26 1.72
 0.43 1.56 0.42 1.27 1.65 2.   1.92 0.2  0.69 1.36 0.48 0.15 0.23 0.67
 0.23 0.42 0.23 0.03 0.08 0.02 0.25 0.23 0.09 0.11 0.07 0.34 0.04 0.1
 0.18 0.09 0.11 0.01 0.22 0.21 0.05 0.12 0.11 0.33 0.01 0.09]
[0.03 0.01 0.02 0.01 0.05 0.   0.03 0.02 0.01 0.1  0.08 0.07 0.02 0.07
 0.05 0.01 0.01 0.08 0.01 0.01 0.06 0.   0.11 0.09 0.14 0.04 0.01 0.03
 0.14 0.07 0.09 0.11 0.01 0.03 0.6  0.   0.77 1.51 0.69 0.14 0.07 0.
 1.36 1.51 0.9  0.95 1.53 2.   0.78 0.98 0.84 0.25 0.26 1.72 0.43 1.56
 0.42 1.27 0.24 0.03 0.06 0.06 0.24 0.21 0.09 0.1  0.09 0.4  0.02 0.14
 0.23 0.03 0.08 0.02 0.25 0.23 0.09 0.11 0.07 0.34 0.04 0.1 ]
[0.03 0.01 0.01 0.03 0.06 0.   0.03 0.02 0.02 0.12 0.07 0.05 0.05 0.08
 0.04 0.   0.01 0.04 0.   0.03 0.06 0.01 0.04 0.21 0.16 0.03 0.07 0.02
 0.06 0.35 0.09 0.16 0.03 0.07 0.68 2.   1.47 0.87 0.32 1.37 0.61 0.
 0.18 0.   0.25 0.36 0.6  0.   0.77 1.51 0.69 0.14 0.07 0.   1.36 1.51
 0.9  0.95 0.22 0.03 0.02 0.03 0.25 0.18 0.1  0.12 0.09 0.4  0.04 0.14
 0.24 0.03 0.06 0.06 0.24 0.21 0.09 0.1  0.09 0.4  0.02 0.14]
[0.03 0.01 0.01 0.04 0.07 0.   0.03 0.03 0.03 0.13 0.05 0.05 0.07 0.07
 0.02 0.01 0.   0.02 0.01 0.04 0.04 0.02 0.08 0.05 0.15 0.   0.14 0.08
 0.03 0.11 0.07 0.1  0.06 0.07 0.49 2.   0.26 0.26 1.   1.66 0.97 1.14
 1.32 1.11 1.77 1.5  0.68 2.   1.47 0.87 0.32 1.37 0.61 0.   0.18 0.
 0.25 0.36 0.24 0.09 0.01 0.03 0.19 0.17 0.09 0.08 0.12 0.46 0.07 0.06
 0.22 0.03 0.02 0.03 0.25 0.18 0.1  0.12 0.09 0.4  0.04 0.14]
[0.04 0.01 0.   0.06 0.09 0.   0.01 0.04 0.03 0.09 0.02 0.04 0.06 0.06
 0.01 0.02 0.   0.01 0.01 0.04 0.04 0.03 0.15 0.07 0.07 0.08 0.1  0.09
 0.02 0.2  0.04 0.02 0.08 0.1  1.92 0.49 0.38 1.24 0.63 0.92 0.78 0.
 0.92 0.49 0.75 0.59 0.49 2.   0.26 0.26 1.   1.66 0.97 1.14 1.32 1.11
 1.77 1.5  0.18 0.11 0.   0.01 0.19 0.14 0.07 0.05 0.12 0.48 0.08 0.03
 0.24 0.09 0.01 0.03 0.19 0.17 0.09 0.08 0.12 0.46 0.07 0.06]
[0.04 0.01 0.   0.06 0.08 0.   0.01 0.04 0.04 0.07 0.01 0.03 0.05 0.04
 0.   0.02 0.01 0.02 0.01 0.04 0.04 0.04 0.22 0.09 0.08 0.16 0.06 0.07
 0.05 0.09 0.01 0.03 0.04 0.12 0.04 1.23 1.01 0.34 0.3  0.63 0.65 2.
 1.19 0.9  0.61 0.68 1.92 0.49 0.38 1.24 0.63 0.92 0.78 0.   0.92 0.49
 0.75 0.59 0.18 0.14 0.03 0.02 0.2  0.14 0.08 0.   0.07 0.46 0.11 0.02
 0.18 0.11 0.   0.01 0.19 0.14 0.07 0.05 0.12 0.48 0.08 0.03]
[0.05 0.   0.   0.07 0.05 0.   0.   0.02 0.03 0.02 0.04 0.01 0.04 0.
 0.02 0.04 0.02 0.02 0.   0.03 0.03 0.06 0.29 0.13 0.09 0.25 0.11 0.13
 0.06 0.03 0.03 0.02 0.09 0.17 1.25 1.25 0.74 0.25 1.24 0.82 0.53 0.52
 0.12 2.   0.83 1.8  0.04 1.23 1.01 0.34 0.3  0.63 0.65 2.   1.19 0.9
 0.61 0.68 0.15 0.18 0.06 0.03 0.18 0.09 0.07 0.02 0.05 0.49 0.11 0.03
 0.18 0.14 0.03 0.02 0.2  0.14 0.08 0.   0.07 0.46 0.11 0.02]
[0.05 0.   0.   0.08 0.   0.   0.   0.   0.04 0.05 0.06 0.01 0.03 0.03
 0.03 0.06 0.03 0.02 0.   0.02 0.01 0.06 0.22 0.13 0.07 0.27 0.04 0.1
 0.05 0.02 0.04 0.05 0.1  0.07 1.35 1.15 1.19 0.   0.22 0.08 0.22 0.
 0.97 2.   1.07 0.63 1.25 1.25 0.74 0.25 1.24 0.82 0.53 0.52 0.12 2.
 0.83 1.8  0.1  0.22 0.09 0.03 0.19 0.1  0.06 0.03 0.06 0.54 0.13 0.07
 0.15 0.18 0.06 0.03 0.18 0.09 0.07 0.02 0.05 0.49 0.11 0.03]
[0.05 0.   0.   0.11 0.09 0.01 0.01 0.04 0.06 0.13 0.07 0.02 0.04 0.04
 0.05 0.05 0.04 0.02 0.   0.   0.   0.05 0.15 0.11 0.01 0.19 0.11 0.02
 0.05 0.01 0.02 0.1  0.09 0.03 1.98 0.76 1.   0.71 1.67 0.56 0.55 1.71
 0.88 1.3  0.08 1.29 1.35 1.15 1.19 0.   0.22 0.08 0.22 0.   0.97 2.
 1.07 0.63 0.05 0.19 0.06 0.05 0.13 0.06 0.08 0.03 0.04 0.51 0.11 0.09
 0.1  0.22 0.09 0.03 0.19 0.1  0.06 0.03 0.06 0.54 0.13 0.07]
[0.05 0.01 0.   0.1  0.07 0.01 0.01 0.03 0.06 0.14 0.08 0.01 0.02 0.04
 0.06 0.04 0.04 0.01 0.   0.01 0.02 0.05 0.11 0.04 0.02 0.03 0.11 0.07
 0.05 0.01 0.01 0.09 0.08 0.06 2.   0.63 0.96 0.76 0.4  0.39 0.07 0.61
 0.52 1.22 0.68 1.23 1.98 0.76 1.   0.71 1.67 0.56 0.55 1.71 0.88 1.3
 0.08 1.29 0.01 0.18 0.09 0.07 0.13 0.08 0.07 0.02 0.02 0.49 0.15 0.09
 0.05 0.19 0.06 0.05 0.13 0.06 0.08 0.03 0.04 0.51 0.11 0.09]
[0.05 0.01 0.01 0.06 0.03 0.   0.02 0.01 0.04 0.18 0.1  0.01 0.03 0.05
 0.07 0.04 0.04 0.01 0.   0.01 0.04 0.05 0.08 0.03 0.04 0.02 0.06 0.09
 0.02 0.06 0.   0.03 0.07 0.07 0.07 0.2  0.79 0.9  0.43 1.23 1.01 1.48
 1.19 0.52 1.1  0.7  2.   0.63 0.96 0.76 0.4  0.39 0.07 0.61 0.52 1.22
 0.68 1.23 0.01 0.17 0.07 0.05 0.13 0.11 0.08 0.03 0.01 0.45 0.19 0.11
 0.01 0.18 0.09 0.07 0.13 0.08 0.07 0.02 0.02 0.49 0.15 0.09]
[0.05 0.01 0.01 0.05 0.02 0.   0.02 0.   0.03 0.18 0.12 0.02 0.02 0.04
 0.09 0.03 0.04 0.   0.   0.01 0.04 0.04 0.06 0.   0.02 0.06 0.06 0.08
 0.01 0.1  0.   0.   0.03 0.07 0.09 0.63 0.64 1.06 0.34 0.14 0.23 1.03
 0.01 0.45 0.23 0.76 0.07 0.2  0.79 0.9  0.43 1.23 1.01 1.48 1.19 0.52
 1.1  0.7  0.01 0.15 0.09 0.01 0.12 0.1  0.07 0.05 0.   0.44 0.2  0.1
 0.01 0.17 0.07 0.05 0.13 0.11 0.08 0.03 0.01 0.45 0.19 0.11]
[0.05 0.01 0.01 0.01 0.01 0.   0.02 0.   0.01 0.19 0.11 0.03 0.   0.03
 0.09 0.02 0.04 0.   0.01 0.   0.02 0.03 0.03 0.07 0.07 0.04 0.13 0.07
 0.01 0.08 0.   0.01 0.04 0.07 0.62 0.15 1.05 1.6  0.34 0.57 0.24 0.54
 0.83 0.39 0.46 1.09 0.09 0.63 0.64 1.06 0.34 0.14 0.23 1.03 0.01 0.45
 0.23 0.76 0.   0.15 0.12 0.03 0.1  0.1  0.07 0.04 0.03 0.42 0.2  0.06
 0.01 0.15 0.09 0.01 0.12 0.1  0.07 0.05 0.   0.44 0.2  0.1 ]
[0.05 0.01 0.   0.   0.01 0.   0.02 0.   0.   0.2  0.07 0.04 0.01 0.02
 0.05 0.01 0.04 0.   0.02 0.   0.   0.01 0.12 0.07 0.09 0.03 0.12 0.04
 0.03 0.05 0.02 0.03 0.11 0.07 0.3  0.2  1.07 0.73 0.86 0.63 0.95 0.2
 0.67 0.74 1.06 0.59 0.62 0.15 1.05 1.6  0.34 0.57 0.24 0.54 0.83 0.39
 0.46 1.09 0.01 0.16 0.15 0.01 0.06 0.08 0.04 0.01 0.04 0.39 0.24 0.09
 0.   0.15 0.12 0.03 0.1  0.1  0.07 0.04 0.03 0.42 0.2  0.06]
[0.04 0.01 0.01 0.02 0.   0.   0.02 0.   0.01 0.2  0.05 0.05 0.03 0.01
 0.03 0.   0.03 0.   0.03 0.   0.01 0.01 0.18 0.07 0.11 0.06 0.18 0.07
 0.03 0.   0.06 0.01 0.11 0.06 0.57 0.92 0.94 0.22 0.77 0.26 0.13 0.43
 0.69 0.76 0.33 0.59 0.3  0.2  1.07 0.73 0.86 0.63 0.95 0.2  0.67 0.74
 1.06 0.59 0.03 0.13 0.12 0.02 0.04 0.06 0.04 0.   0.05 0.35 0.24 0.07
 0.01 0.16 0.15 0.01 0.06 0.08 0.04 0.01 0.04 0.39 0.24 0.09]
[0.04 0.01 0.01 0.02 0.01 0.   0.02 0.   0.01 0.19 0.02 0.05 0.04 0.01
 0.   0.   0.03 0.   0.02 0.01 0.03 0.01 0.2  0.02 0.13 0.03 0.16 0.05
 0.02 0.05 0.01 0.03 0.13 0.05 0.34 0.04 0.57 0.1  0.33 0.41 0.89 1.31
 1.41 0.44 0.03 0.82 0.57 0.92 0.94 0.22 0.77 0.26 0.13 0.43 0.69 0.76
 0.33 0.59 0.02 0.13 0.14 0.02 0.02 0.06 0.09 0.01 0.03 0.39 0.25 0.06
 0.03 0.13 0.12 0.02 0.04 0.06 0.04 0.   0.05 0.35 0.24 0.07]
[0.03 0.01 0.02 0.03 0.02 0.   0.01 0.01 0.02 0.17 0.01 0.06 0.04 0.01
 0.01 0.01 0.02 0.01 0.01 0.01 0.03 0.01 0.15 0.   0.06 0.02 0.17 0.05
 0.02 0.05 0.05 0.02 0.07 0.02 0.04 1.05 0.99 0.7  1.2  0.48 0.19 0.88
 0.84 0.91 0.2  0.86 0.34 0.04 0.57 0.1  0.33 0.41 0.89 1.31 1.41 0.44
 0.03 0.82 0.02 0.1  0.11 0.   0.05 0.1  0.11 0.   0.01 0.4  0.23 0.06
 0.02 0.13 0.14 0.02 0.02 0.06 0.09 0.01 0.03 0.39 0.25 0.06]
[0.03 0.01 0.02 0.03 0.02 0.   0.01 0.01 0.02 0.16 0.02 0.06 0.03 0.01
 0.01 0.01 0.02 0.01 0.   0.01 0.03 0.01 0.04 0.   0.   0.01 0.08 0.05
 0.03 0.03 0.07 0.01 0.03 0.01 0.36 0.81 1.05 0.86 0.29 0.43 0.89 0.46
 1.11 0.02 1.01 1.33 0.04 1.05 0.99 0.7  1.2  0.48 0.19 0.88 0.84 0.91
 0.2  0.86 0.01 0.13 0.08 0.03 0.06 0.11 0.09 0.03 0.03 0.42 0.24 0.11
 0.02 0.1  0.11 0.   0.05 0.1  0.11 0.   0.01 0.4  0.23 0.06]
[0.02 0.01 0.02 0.05 0.   0.   0.01 0.   0.03 0.14 0.04 0.06 0.03 0.01
 0.   0.   0.02 0.01 0.   0.01 0.03 0.   0.07 0.   0.02 0.01 0.02 0.
 0.02 0.02 0.03 0.01 0.01 0.01 0.22 0.   0.25 0.28 0.97 0.49 0.91 0.63
 1.31 0.68 0.16 1.2  0.36 0.81 1.05 0.86 0.29 0.43 0.89 0.46 1.11 0.02
 1.01 1.33 0.   0.13 0.07 0.02 0.09 0.12 0.13 0.01 0.07 0.43 0.23 0.14
 0.01 0.13 0.08 0.03 0.06 0.11 0.09 0.03 0.03 0.42 0.24 0.11]
[0.02 0.01 0.02 0.05 0.01 0.   0.01 0.01 0.02 0.14 0.04 0.06 0.01 0.01
 0.   0.   0.02 0.01 0.01 0.01 0.03 0.01 0.09 0.01 0.06 0.01 0.02 0.04
 0.   0.02 0.01 0.01 0.   0.02 0.66 1.04 0.69 0.8  0.5  0.24 0.68 0.88
 0.21 0.66 0.14 0.87 0.22 0.   0.25 0.28 0.97 0.49 0.91 0.63 1.31 0.68
 0.16 1.2  0.02 0.1  0.09 0.04 0.09 0.12 0.12 0.05 0.05 0.44 0.24 0.12
 0.   0.13 0.07 0.02 0.09 0.12 0.13 0.01 0.07 0.43 0.23 0.14]
[0.02 0.01 0.01 0.05 0.02 0.   0.01 0.01 0.02 0.14 0.03 0.05 0.   0.01
 0.01 0.01 0.02 0.01 0.01 0.01 0.03 0.01 0.   0.02 0.06 0.01 0.   0.01
 0.   0.   0.01 0.02 0.02 0.04 1.   0.58 0.25 0.02 0.96 0.88 0.17 1.21
 0.8  0.95 0.92 0.77 0.66 1.04 0.69 0.8  0.5  0.24 0.68 0.88 0.21 0.66
 0.14 0.87 0.01 0.08 0.1  0.04 0.1  0.11 0.1  0.03 0.04 0.39 0.2  0.1
 0.02 0.1  0.09 0.04 0.09 0.12 0.12 0.05 0.05 0.44 0.24 0.12]
[0.02 0.01 0.01 0.05 0.04 0.   0.01 0.02 0.02 0.15 0.04 0.05 0.   0.01
 0.01 0.01 0.01 0.01 0.01 0.01 0.02 0.01 0.   0.02 0.02 0.   0.   0.03
 0.01 0.02 0.01 0.   0.03 0.02 0.79 1.1  0.08 0.31 0.87 0.49 0.15 0.72
 0.63 0.54 0.05 0.92 1.   0.58 0.25 0.02 0.96 0.88 0.17 1.21 0.8  0.95
 0.92 0.77 0.01 0.05 0.1  0.05 0.09 0.11 0.09 0.02 0.02 0.36 0.18 0.12
 0.01 0.08 0.1  0.04 0.1  0.11 0.1  0.03 0.04 0.39 0.2  0.1 ]
[0.02 0.01 0.   0.06 0.03 0.   0.01 0.02 0.03 0.16 0.04 0.04 0.   0.01
 0.01 0.01 0.02 0.   0.01 0.01 0.02 0.01 0.04 0.05 0.01 0.01 0.01 0.01
 0.   0.03 0.01 0.01 0.02 0.01 0.61 0.98 1.35 0.95 0.97 0.74 0.2  0.57
 1.24 0.71 0.04 0.77 0.79 1.1  0.08 0.31 0.87 0.49 0.15 0.72 0.63 0.54
 0.05 0.92 0.01 0.02 0.06 0.08 0.1  0.1  0.09 0.03 0.04 0.4  0.17 0.13
 0.01 0.05 0.1  0.05 0.09 0.11 0.09 0.02 0.02 0.36 0.18 0.12]
[0.02 0.01 0.   0.06 0.02 0.   0.01 0.01 0.03 0.17 0.05 0.03 0.   0.01
 0.01 0.01 0.02 0.01 0.01 0.01 0.03 0.01 0.06 0.06 0.02 0.01 0.   0.01
 0.03 0.06 0.   0.   0.   0.01 0.5  0.92 0.77 0.87 0.94 0.22 0.38 0.8
 0.37 1.1  0.82 1.12 0.61 0.98 1.35 0.95 0.97 0.74 0.2  0.57 1.24 0.71
 0.04 0.77 0.01 0.04 0.04 0.11 0.07 0.07 0.12 0.03 0.04 0.37 0.16 0.09
 0.01 0.02 0.06 0.08 0.1  0.1  0.09 0.03 0.04 0.4  0.17 0.13]
[0.02 0.01 0.   0.05 0.   0.   0.02 0.01 0.03 0.18 0.05 0.03 0.01 0.01
 0.01 0.01 0.02 0.01 0.01 0.01 0.03 0.01 0.04 0.03 0.02 0.   0.   0.01
 0.03 0.03 0.01 0.   0.01 0.01 0.1  0.73 0.16 0.46 0.18 0.59 0.93 0.78
 0.88 0.96 0.57 0.81 0.5  0.92 0.77 0.87 0.94 0.22 0.38 0.8  0.37 1.1
 0.82 1.12 0.01 0.02 0.04 0.09 0.07 0.06 0.12 0.01 0.04 0.4  0.16 0.06
 0.01 0.04 0.04 0.11 0.07 0.07 0.12 0.03 0.04 0.37 0.16 0.09]
[0.03 0.01 0.   0.05 0.02 0.   0.02 0.   0.03 0.19 0.06 0.03 0.01 0.01
 0.01 0.01 0.02 0.01 0.01 0.01 0.03 0.   0.03 0.02 0.03 0.01 0.02 0.01
 0.01 0.02 0.01 0.02 0.01 0.02 1.45 0.97 1.06 1.37 1.2  0.88 1.11 0.45
 0.85 1.14 1.19 1.64 0.1  0.73 0.16 0.46 0.18 0.59 0.93 0.78 0.88 0.96
 0.57 0.81 0.06 0.05 0.01 0.13 0.09 0.11 0.12 0.   0.01 0.39 0.22 0.07
 0.01 0.02 0.04 0.09 0.07 0.06 0.12 0.01 0.04 0.4  0.16 0.06]
[0.03 0.01 0.01 0.04 0.02 0.   0.02 0.   0.02 0.19 0.05 0.03 0.01 0.02
 0.01 0.02 0.02 0.01 0.   0.01 0.02 0.   0.01 0.   0.02 0.01 0.   0.02
 0.01 0.02 0.01 0.02 0.02 0.02 1.35 0.64 0.75 0.86 0.75 0.48 0.18 0.79
 1.19 1.4  0.3  0.34 1.45 0.97 1.06 1.37 1.2  0.88 1.11 0.45 0.85 1.14
 1.19 1.64 0.1  0.03 0.01 0.16 0.08 0.08 0.11 0.02 0.   0.44 0.23 0.07
 0.06 0.05 0.01 0.13 0.09 0.11 0.12 0.   0.01 0.39 0.22 0.07]
[0.03 0.01 0.01 0.02 0.02 0.   0.02 0.01 0.01 0.19 0.05 0.02 0.01 0.02
 0.01 0.02 0.02 0.   0.   0.   0.02 0.01 0.02 0.02 0.   0.   0.02 0.01
 0.01 0.02 0.02 0.02 0.01 0.01 0.59 0.24 0.87 0.46 0.17 1.24 0.27 1.04
 0.97 0.51 0.63 0.76 1.35 0.64 0.75 0.86 0.75 0.48 0.18 0.79 1.19 1.4
 0.3  0.34 0.08 0.04 0.01 0.17 0.1  0.07 0.1  0.04 0.03 0.45 0.2  0.06
 0.1  0.03 0.01 0.16 0.08 0.08 0.11 0.02 0.   0.44 0.23 0.07]
[0.03 0.01 0.01 0.02 0.03 0.   0.02 0.01 0.01 0.18 0.04 0.02 0.01 0.01
 0.01 0.02 0.02 0.   0.01 0.   0.02 0.01 0.04 0.01 0.   0.   0.01 0.01
 0.01 0.03 0.02 0.02 0.02 0.03 1.16 1.02 0.77 1.22 0.42 0.41 0.6  1.15
 0.16 1.04 0.41 0.18 0.59 0.24 0.87 0.46 0.17 1.24 0.27 1.04 0.97 0.51
 0.63 0.76 0.11 0.07 0.01 0.21 0.11 0.08 0.08 0.06 0.04 0.43 0.19 0.05
 0.08 0.04 0.01 0.17 0.1  0.07 0.1  0.04 0.03 0.45 0.2  0.06]
[0.04 0.01 0.01 0.01 0.01 0.   0.02 0.   0.   0.18 0.04 0.02 0.01 0.02
 0.01 0.03 0.02 0.   0.   0.   0.03 0.01 0.06 0.01 0.02 0.01 0.   0.03
 0.02 0.02 0.   0.01 0.02 0.02 0.56 0.58 0.27 0.66 0.69 0.7  0.44 0.39
 0.33 0.13 0.22 1.09 1.16 1.02 0.77 1.22 0.42 0.41 0.6  1.15 0.16 1.04
 0.41 0.18 0.1  0.05 0.   0.23 0.11 0.11 0.08 0.07 0.05 0.43 0.16 0.06
 0.11 0.07 0.01 0.21 0.11 0.08 0.08 0.06 0.04 0.43 0.19 0.05]
[0.04 0.01 0.   0.02 0.   0.   0.02 0.   0.01 0.17 0.03 0.02 0.01 0.02
 0.   0.03 0.02 0.   0.   0.   0.03 0.01 0.04 0.   0.01 0.02 0.   0.01
 0.01 0.02 0.01 0.   0.04 0.   0.49 0.34 0.88 1.04 0.12 0.69 0.3  0.65
 0.85 1.24 0.52 0.44 0.56 0.58 0.27 0.66 0.69 0.7  0.44 0.39 0.33 0.13
 0.22 1.09 0.11 0.04 0.03 0.26 0.11 0.09 0.06 0.07 0.   0.42 0.16 0.04
 0.1  0.05 0.   0.23 0.11 0.11 0.08 0.07 0.05 0.43 0.16 0.06]
[0.04 0.01 0.01 0.04 0.   0.   0.01 0.   0.02 0.17 0.03 0.02 0.01 0.02
 0.01 0.03 0.02 0.   0.01 0.   0.03 0.02 0.01 0.01 0.02 0.01 0.01 0.01
 0.01 0.01 0.02 0.03 0.01 0.01 0.67 0.82 1.5  0.25 0.44 0.55 0.85 0.35
 1.34 0.17 0.68 0.59 0.49 0.34 0.88 1.04 0.12 0.69 0.3  0.65 0.85 1.24
 0.52 0.44 0.13 0.07 0.07 0.25 0.11 0.07 0.08 0.07 0.03 0.45 0.17 0.07
 0.11 0.04 0.03 0.26 0.11 0.09 0.06 0.07 0.   0.42 0.16 0.04]
[0.04 0.01 0.01 0.04 0.01 0.   0.01 0.01 0.02 0.17 0.04 0.02 0.02 0.02
 0.01 0.03 0.02 0.   0.01 0.   0.03 0.02 0.   0.01 0.02 0.01 0.01 0.
 0.   0.01 0.02 0.02 0.01 0.04 0.72 0.39 0.26 0.01 0.17 0.53 1.15 0.46
 0.63 1.18 0.51 0.41 0.67 0.82 1.5  0.25 0.44 0.55 0.85 0.35 1.34 0.17
 0.68 0.59 0.15 0.08 0.07 0.25 0.11 0.08 0.07 0.08 0.01 0.43 0.18 0.09
 0.13 0.07 0.07 0.25 0.11 0.07 0.08 0.07 0.03 0.45 0.17 0.07]
[0.04 0.01 0.01 0.05 0.02 0.   0.01 0.01 0.03 0.16 0.04 0.02 0.02 0.02
 0.01 0.03 0.02 0.   0.   0.   0.02 0.02 0.   0.02 0.01 0.   0.02 0.01
 0.01 0.   0.02 0.02 0.01 0.02 0.2  0.47 0.96 0.83 0.76 1.79 0.04 0.43
 0.56 0.63 1.06 0.04 0.72 0.39 0.26 0.01 0.17 0.53 1.15 0.46 0.63 1.18
 0.51 0.41 0.16 0.06 0.04 0.23 0.15 0.08 0.08 0.07 0.01 0.44 0.21 0.12
 0.15 0.08 0.07 0.25 0.11 0.08 0.07 0.08 0.01 0.43 0.18 0.09]
[0.04 0.01 0.01 0.06 0.02 0.   0.01 0.01 0.03 0.16 0.04 0.02 0.01 0.02
 0.01 0.03 0.02 0.   0.   0.01 0.02 0.02 0.   0.   0.01 0.02 0.   0.
 0.01 0.01 0.04 0.01 0.   0.   0.45 0.81 0.34 1.26 0.17 0.64 1.18 1.24
 1.3  0.51 1.07 0.18 0.2  0.47 0.96 0.83 0.76 1.79 0.04 0.43 0.56 0.63
 1.06 0.04 0.15 0.04 0.05 0.19 0.14 0.08 0.1  0.06 0.02 0.46 0.17 0.09
 0.16 0.06 0.04 0.23 0.15 0.08 0.08 0.07 0.01 0.44 0.21 0.12]
[0.05 0.01 0.01 0.07 0.01 0.   0.01 0.01 0.03 0.16 0.03 0.02 0.01 0.02
 0.01 0.04 0.01 0.   0.   0.01 0.02 0.02 0.01 0.   0.   0.02 0.02 0.02
 0.   0.   0.01 0.01 0.   0.   1.12 0.97 0.58 0.34 1.02 0.03 0.59 1.21
 0.63 1.08 0.8  0.27 0.45 0.81 0.34 1.26 0.17 0.64 1.18 1.24 1.3  0.51
 1.07 0.18 0.11 0.01 0.06 0.18 0.1  0.05 0.06 0.06 0.01 0.42 0.15 0.07
 0.15 0.04 0.05 0.19 0.14 0.08 0.1  0.06 0.02 0.46 0.17 0.09]
[0.05 0.01 0.01 0.07 0.01 0.   0.01 0.01 0.03 0.17 0.03 0.02 0.01 0.03
 0.02 0.04 0.02 0.   0.   0.01 0.03 0.03 0.   0.   0.   0.   0.03 0.02
 0.   0.   0.01 0.   0.   0.01 0.9  0.35 1.15 0.12 0.6  0.57 0.9  0.83
 0.06 0.5  0.97 0.85 1.12 0.97 0.58 0.34 1.02 0.03 0.59 1.21 0.63 1.08
 0.8  0.27 0.14 0.   0.03 0.18 0.11 0.08 0.06 0.08 0.01 0.41 0.17 0.11
 0.11 0.01 0.06 0.18 0.1  0.05 0.06 0.06 0.01 0.42 0.15 0.07]
[0.05 0.01 0.01 0.08 0.01 0.   0.01 0.01 0.04 0.17 0.03 0.02 0.01 0.03
 0.02 0.04 0.02 0.   0.   0.   0.03 0.03 0.   0.01 0.   0.   0.01 0.
 0.   0.   0.   0.01 0.02 0.01 0.76 0.72 0.2  0.92 0.99 0.85 0.1  0.07
 0.7  0.59 1.03 1.3  0.9  0.35 1.15 0.12 0.6  0.57 0.9  0.83 0.06 0.5
 0.97 0.85 0.16 0.02 0.02 0.21 0.14 0.08 0.05 0.08 0.01 0.37 0.12 0.1
 0.14 0.   0.03 0.18 0.11 0.08 0.06 0.08 0.01 0.41 0.17 0.11]
[0.05 0.01 0.01 0.09 0.01 0.   0.02 0.01 0.04 0.17 0.04 0.02 0.01 0.02
 0.02 0.04 0.02 0.   0.   0.   0.03 0.03 0.01 0.   0.   0.   0.   0.
 0.02 0.02 0.   0.   0.   0.   0.11 0.43 1.07 0.8  0.47 0.55 0.69 0.59
 0.65 0.45 0.04 1.23 0.76 0.72 0.2  0.92 0.99 0.85 0.1  0.07 0.7  0.59
 1.03 1.3  0.16 0.01 0.06 0.24 0.13 0.09 0.02 0.07 0.01 0.37 0.14 0.08
 0.16 0.02 0.02 0.21 0.14 0.08 0.05 0.08 0.01 0.37 0.12 0.1 ]
[0.05 0.01 0.01 0.09 0.02 0.   0.02 0.01 0.04 0.17 0.04 0.02 0.01 0.02
 0.02 0.04 0.02 0.01 0.   0.   0.03 0.03 0.01 0.   0.   0.   0.   0.
 0.01 0.01 0.   0.   0.   0.   0.72 0.48 0.89 0.08 0.88 0.29 0.   0.3
 0.   0.81 0.88 1.04 0.11 0.43 1.07 0.8  0.47 0.55 0.69 0.59 0.65 0.45
 0.04 1.23 0.14 0.01 0.03 0.24 0.12 0.09 0.03 0.06 0.02 0.36 0.13 0.04
 0.16 0.01 0.06 0.24 0.13 0.09 0.02 0.07 0.01 0.37 0.14 0.08]
[0.05 0.01 0.01 0.08 0.01 0.   0.02 0.01 0.04 0.17 0.04 0.02 0.01 0.02
 0.02 0.04 0.02 0.   0.   0.   0.03 0.03 0.01 0.   0.01 0.01 0.   0.
 0.   0.01 0.   0.01 0.01 0.01 1.01 0.36 1.09 0.33 0.5  0.81 1.03 0.47
 0.06 0.76 1.14 1.15 0.72 0.48 0.89 0.08 0.88 0.29 0.   0.3  0.   0.81
 0.88 1.04 0.17 0.   0.   0.25 0.12 0.06 0.05 0.1  0.   0.36 0.18 0.05
 0.14 0.01 0.03 0.24 0.12 0.09 0.03 0.06 0.02 0.36 0.13 0.04]
[0.05 0.01 0.01 0.08 0.01 0.   0.02 0.01 0.04 0.18 0.04 0.02 0.01 0.02
 0.02 0.04 0.02 0.   0.   0.   0.03 0.03 0.   0.   0.01 0.   0.   0.
 0.   0.01 0.01 0.01 0.   0.01 0.21 0.33 0.9  1.04 0.7  0.92 1.13 1.17
 0.61 0.16 0.71 0.77 1.01 0.36 1.09 0.33 0.5  0.81 1.03 0.47 0.06 0.76
 1.14 1.15 0.17 0.01 0.03 0.28 0.12 0.09 0.   0.08 0.03 0.33 0.17 0.02
 0.17 0.   0.   0.25 0.12 0.06 0.05 0.1  0.   0.36 0.18 0.05]
[0.05 0.01 0.01 0.08 0.   0.   0.02 0.01 0.04 0.18 0.03 0.02 0.01 0.02
 0.02 0.04 0.02 0.   0.   0.   0.03 0.03 0.   0.   0.   0.   0.   0.
 0.   0.01 0.   0.   0.   0.   0.92 1.09 0.82 0.77 1.09 0.65 0.44 1.19
 1.42 0.82 0.92 0.57 0.21 0.33 0.9  1.04 0.7  0.92 1.13 1.17 0.61 0.16
 0.71 0.77 0.2  0.02 0.05 0.3  0.1  0.05 0.03 0.07 0.01 0.37 0.15 0.02
 0.17 0.01 0.03 0.28 0.12 0.09 0.   0.08 0.03 0.33 0.17 0.02]
[0.05 0.01 0.01 0.07 0.   0.   0.02 0.01 0.04 0.17 0.04 0.02 0.01 0.02
 0.02 0.04 0.02 0.   0.   0.   0.03 0.03 0.   0.   0.02 0.02 0.   0.
 0.   0.   0.01 0.01 0.   0.   0.25 0.39 0.21 0.81 0.5  0.6  1.02 0.66
 1.35 1.04 0.71 0.69 0.92 1.09 0.82 0.77 1.09 0.65 0.44 1.19 1.42 0.82
 0.92 0.57 0.21 0.03 0.06 0.28 0.12 0.06 0.06 0.08 0.01 0.42 0.14 0.05
 0.2  0.02 0.05 0.3  0.1  0.05 0.03 0.07 0.01 0.37 0.15 0.02]
[0.05 0.01 0.01 0.07 0.01 0.   0.02 0.01 0.03 0.17 0.04 0.02 0.01 0.02
 0.01 0.04 0.02 0.   0.   0.   0.03 0.03 0.02 0.01 0.01 0.01 0.02 0.
 0.   0.   0.   0.01 0.   0.01 0.09 0.14 1.01 0.91 0.07 0.75 0.66 0.74
 1.3  1.24 0.86 0.95 0.25 0.39 0.21 0.81 0.5  0.6  1.02 0.66 1.35 1.04
 0.71 0.69 0.21 0.03 0.09 0.31 0.13 0.05 0.08 0.07 0.02 0.46 0.18 0.04
 0.21 0.03 0.06 0.28 0.12 0.06 0.06 0.08 0.01 0.42 0.14 0.05]
[0.05 0.02 0.01 0.06 0.   0.   0.01 0.   0.03 0.17 0.04 0.03 0.01 0.02
 0.01 0.04 0.01 0.   0.   0.   0.03 0.03 0.01 0.01 0.01 0.   0.01 0.01
 0.01 0.01 0.01 0.   0.   0.   0.94 0.78 0.28 0.43 1.12 0.96 0.7  0.96
 1.11 0.17 0.15 0.53 0.09 0.14 1.01 0.91 0.07 0.75 0.66 0.74 1.3  1.24
 0.86 0.95 0.24 0.01 0.1  0.29 0.08 0.03 0.07 0.04 0.04 0.49 0.18 0.05
 0.21 0.03 0.09 0.31 0.13 0.05 0.08 0.07 0.02 0.46 0.18 0.04]
[0.05 0.02 0.01 0.06 0.01 0.   0.01 0.   0.03 0.17 0.04 0.03 0.01 0.02
 0.02 0.04 0.01 0.   0.   0.   0.03 0.03 0.   0.   0.   0.01 0.02 0.01
 0.02 0.01 0.02 0.02 0.   0.02 1.03 0.64 0.92 0.78 0.88 0.68 1.   0.41
 1.41 1.02 0.04 0.48 0.94 0.78 0.28 0.43 1.12 0.96 0.7  0.96 1.11 0.17
 0.15 0.53 0.27 0.03 0.13 0.32 0.05 0.02 0.09 0.07 0.08 0.5  0.19 0.06
 0.24 0.01 0.1  0.29 0.08 0.03 0.07 0.04 0.04 0.49 0.18 0.05]
[0.05 0.02 0.01 0.06 0.01 0.   0.01 0.   0.03 0.17 0.04 0.03 0.01 0.02
 0.02 0.04 0.01 0.   0.   0.   0.03 0.03 0.   0.   0.01 0.   0.03 0.01
 0.01 0.01 0.   0.01 0.   0.01 0.74 0.85 0.06 1.01 0.9  1.02 0.68 1.14
 0.07 0.09 0.9  0.62 1.03 0.64 0.92 0.78 0.88 0.68 1.   0.41 1.41 1.02
 0.04 0.48 0.29 0.05 0.13 0.35 0.04 0.02 0.09 0.03 0.08 0.5  0.2  0.02
 0.27 0.03 0.13 0.32 0.05 0.02 0.09 0.07 0.08 0.5  0.19 0.06]
[0.05 0.02 0.01 0.06 0.01 0.   0.01 0.   0.03 0.17 0.04 0.02 0.01 0.01
 0.02 0.04 0.01 0.   0.   0.   0.03 0.03 0.   0.   0.01 0.01 0.01 0.
 0.   0.   0.   0.   0.   0.   0.29 0.34 1.03 1.16 0.35 0.96 0.61 0.
 1.21 1.04 0.3  0.64 0.74 0.85 0.06 1.01 0.9  1.02 0.68 1.14 0.07 0.09
 0.9  0.62 0.28 0.06 0.16 0.38 0.03 0.04 0.07 0.02 0.09 0.54 0.21 0.04
 0.29 0.05 0.13 0.35 0.04 0.02 0.09 0.03 0.08 0.5  0.2  0.02]
[0.05 0.02 0.01 0.06 0.   0.   0.01 0.   0.03 0.17 0.04 0.02 0.01 0.01
 0.02 0.04 0.01 0.   0.   0.   0.03 0.03 0.01 0.03 0.01 0.03 0.   0.
 0.   0.01 0.   0.   0.   0.   0.44 1.06 0.93 0.69 0.21 0.84 1.03 0.64
 1.25 0.48 0.49 0.47 0.29 0.34 1.03 1.16 0.35 0.96 0.61 0.   1.21 1.04
 0.3  0.64 0.27 0.1  0.19 0.36 0.02 0.02 0.03 0.01 0.09 0.53 0.23 0.03
 0.28 0.06 0.16 0.38 0.03 0.04 0.07 0.02 0.09 0.54 0.21 0.04]
